02 02 02 52 95 E9 04 
02 02 03 95 00 04 9C 04 
02 02 02 52 94 E8 04 
02 02 03 94 00 03 9A 04 
02 02 02 52 97 EB 04 
02 02 03 97 00 01 9B 04 
02 02 02 52 98 EC 04 
02 02 03 98 00 02 9D 04 
02 02 02 52 9E F2 04 
02 02 03 9E 00 32 D3 04 02 02 02 52 90 E4 04 02 02 03 90 00 05 98 04 02 02 02 52 8A DE 04 02 02 03 8A 00 00 8D 04 02 02 02 52 8B DF 04 02 02 03 8B 00 00 8E 04 02 02 02 52 80 D4 04 02 02 02 52 80 D4 04 02 02 02 52 8E E2 04 02 02 03 8E 00 04 95 04 02 02 02 52 8F E3 04 02 02 03 8F 00 00 92 04 02 02 02 52 00 54 04 02 02 03 00 75 95 0D 04 02 02 02 52 01 55 04 
02 02 03 01 10 00 14 04 
02 02 02 52 02 56 04 02 02 03 02 00 00 05 04 02 02 02 52 06 5A 04 02 02 03 06 01 88 92 04 02 02 02 52 07 5B 04 02 02 03 07 01 91 9C 04 02 02 02 52 84 D8 04 02 02 03 84 00 08 8F 04 02 02 02 52 89 DD 04 02 02 03 89 00 00 8C 04 02 02 02 52 82 D6 04 02 02 03 82 00 23 A8 04 02 02 02 52 83 D7 04 02 02 03 83 00 41 C7 04 02 02 02 52 92 E6 04 02 02 03 92 00 00 95 04 02 02 02 52 AF 03 04 02 02 03 AF 00 00 B2 04 02 02 02 52 86 DA 04 02 02 03 86 02 58 E3 04 02 02 02 52 8D E1 04 02 02 03 8D 0B B8 53 04 02 02 02 52 96 EA 04 02 02 03 96 00 05 9E 04 02 02 02 52 95 E9 04 02 02 03 95 00 04 9C 04 02 02 02 52 94 E8 04 02 02 03 94 00 03 9A 04 02 02 02 52 97 EB 04 02 02 03 97 00 01 9B 04 02 02 02 52 98 EC 04 02 02 03 98 00 02 9D 04 02 02 02 52 9E F2 04 02 02 03 9E 00 32 D3 04 02 02 02 52 90 E4 04 02 02 03 90 00 05 98 04 02 02 02 52 8A DE 04 02 02 03 8A 00 00 8D 04 02 02 02 52 8B DF 04 02 02 03 8B 00 00 8E 04 02 02 02 52 80 D4 04 02 02 02 52 80 D4 04 02 02 02 52 8E E2 04 02 02 03 8E 00 04 95 04 02 02 02 52 8F E3 04 02 02 03 8F 00 00 92 04 02 02 02 52 00 54 04 02 02 03 00 75 95 0D 04 02 02 02 52 01 55 04 02 02 03 01 10 00 14 04 02 02 02 52 02 56 04 02 02 03 02 00 00 05 04 02 02 02 52 06 5A 04 02 02 03 06 01 92 9C 04 02 02 02 52 07 5B 04 02 02 03 07 01 88 93 04 02 02 02 52 84 D8 04 02 02 03 84 00 08 8F 04 02 02 02 52 89 DD 04 02 02 03 89 00 00 8C 04 02 02 02 52 82 D6 04 02 02 03 82 00 23 A8 04 02 02 02 52 83 D7 04 02 02 03 83 00 41 C7 04 02 02 02 52 92 E6 04 02 02 03 92 00 00 95 04 02 02 02 52 AF 03 04 02 02 03 AF 00 00 B2 04 02 02 02 52 86 DA 04 02 02 03 86 02 58 E3 04 02 02 02 52 8D E1 04 02 02 03 8D 0B B8 53 04 02 02 02 52 96 EA 04 02 02 03 96 00 05 9E 04 02 02 02 52 95 E9 04 02 02 03 95 00 04 9C 04 02 02 02 52 94 E8 04 02 02 03 94 00 03 9A 04 02 02 02 52 97 EB 04 02 02 03 97 00 01 9B 04 02 02 02 52 98 EC 04 02 02 03 98 00 02 9D 04 
